#   ELECTRON  PAMELA(2006/07-2010/01)
#   <E>  Elo  Eup   y   ystat_lo  ystat_up  ysyst_lo  ysyst_up  yerrtot_lo  yerrtot_up
1.110000e+00 0.000000e+00 0.000000e+00 4.267009e+01 2.735262e-01 2.735262e-01 1.777920e+00 1.777920e+00 1.798837e+00 1.798837e+00
1.280000e+00 0.000000e+00 0.000000e+00 5.599396e+01 4.194304e-01 4.194304e-01 2.306867e+00 2.306867e+00 2.344687e+00 2.344687e+00
1.470000e+00 0.000000e+00 0.000000e+00 7.306003e+01 3.176523e-01 3.176523e-01 3.176523e+00 3.176523e+00 3.192366e+00 3.192366e+00
1.680000e+00 0.000000e+00 0.000000e+00 8.914267e+01 4.741632e-01 4.741632e-01 3.793305e+00 3.793305e+00 3.822825e+00 3.822825e+00
1.930000e+00 0.000000e+00 0.000000e+00 1.080515e+02 5.751245e-01 5.751245e-01 4.313434e+00 4.313434e+00 4.351607e+00 4.351607e+00
2.220000e+00 0.000000e+00 0.000000e+00 1.306361e+02 7.658734e-01 7.658734e-01 5.470524e+00 5.470524e+00 5.523875e+00 5.523875e+00
2.550000e+00 0.000000e+00 0.000000e+00 1.487349e+02 8.290687e-01 8.290687e-01 6.632550e+00 6.632550e+00 6.684166e+00 6.684166e+00
2.920000e+00 0.000000e+00 0.000000e+00 1.660636e+02 9.958836e-01 9.958836e-01 7.469127e+00 7.469127e+00 7.535227e+00 7.535227e+00
3.360000e+00 0.000000e+00 0.000000e+00 1.805613e+02 1.137992e+00 1.137992e+00 7.586611e+00 7.586611e+00 7.671486e+00 7.671486e+00
3.850000e+00 0.000000e+00 0.000000e+00 1.940265e+02 1.141332e+00 1.141332e+00 5.706662e+00 5.706662e+00 5.819676e+00 5.819676e+00
4.420000e+00 0.000000e+00 0.000000e+00 1.986070e+02 1.727018e+00 1.727018e+00 8.635089e+00 8.635089e+00 8.806098e+00 8.806098e+00
5.100000e+00 0.000000e+00 0.000000e+00 2.069355e+02 1.326510e+00 1.326510e+00 9.285570e+00 9.285570e+00 9.379842e+00 9.379842e+00
5.800000e+00 0.000000e+00 0.000000e+00 2.068187e+02 1.951120e+00 1.951120e+00 9.755601e+00 9.755601e+00 9.948800e+00 9.948800e+00
6.700000e+00 0.000000e+00 0.000000e+00 2.165494e+02 2.105341e+00 2.105341e+00 9.022889e+00 9.022889e+00 9.265257e+00 9.265257e+00
7.700000e+00 0.000000e+00 0.000000e+00 2.145705e+02 2.282665e+00 2.282665e+00 9.130659e+00 9.130659e+00 9.411668e+00 9.411668e+00
8.800000e+00 0.000000e+00 0.000000e+00 2.112563e+02 2.725888e+00 2.725888e+00 6.814720e+00 6.814720e+00 7.339678e+00 7.339678e+00
1.010000e+01 0.000000e+00 0.000000e+00 1.967875e+02 3.090903e+00 3.090903e+00 8.242409e+00 8.242409e+00 8.802897e+00 8.802897e+00
1.160000e+01 0.000000e+00 0.000000e+00 1.966729e+02 3.121792e+00 3.121792e+00 7.804481e+00 7.804481e+00 8.405683e+00 8.405683e+00
1.340000e+01 0.000000e+00 0.000000e+00 1.900822e+02 4.812208e+00 4.812208e+00 7.218311e+00 7.218311e+00 8.675331e+00 8.675331e+00
1.530000e+01 0.000000e+00 0.000000e+00 1.862420e+02 3.581577e+00 3.581577e+00 7.163155e+00 7.163155e+00 8.008651e+00 8.008651e+00
1.760000e+01 0.000000e+00 0.000000e+00 1.777279e+02 4.361421e+00 4.361421e+00 5.451777e+00 5.451777e+00 6.981681e+00 6.981681e+00
2.020000e+01 0.000000e+00 0.000000e+00 1.714421e+02 4.945446e+00 4.945446e+00 7.418168e+00 7.418168e+00 8.915529e+00 8.915529e+00
2.320000e+01 0.000000e+00 0.000000e+00 1.573383e+02 4.994868e+00 4.994868e+00 6.243585e+00 6.243585e+00 7.995690e+00 7.995690e+00
2.660000e+01 0.000000e+00 0.000000e+00 1.675078e+02 5.646329e+00 5.646329e+00 7.528439e+00 7.528439e+00 9.410549e+00 9.410549e+00
3.060000e+01 0.000000e+00 0.000000e+00 1.489936e+02 5.730523e+00 5.730523e+00 5.730523e+00 5.730523e+00 8.104183e+00 8.104183e+00
3.510000e+01 0.000000e+00 0.000000e+00 1.600011e+02 8.648709e+00 8.648709e+00 8.648709e+00 8.648709e+00 1.223112e+01 1.223112e+01
4.030000e+01 0.000000e+00 0.000000e+00 1.439918e+02 6.545082e+00 6.545082e+00 5.890574e+00 5.890574e+00 8.805507e+00 8.805507e+00
4.630000e+01 0.000000e+00 0.000000e+00 1.389540e+02 9.925284e+00 9.925284e+00 5.955170e+00 5.955170e+00 1.157477e+01 1.157477e+01
5.320000e+01 0.000000e+00 0.000000e+00 1.565915e+02 1.204550e+01 1.204550e+01 6.022751e+00 6.022751e+00 1.346728e+01 1.346728e+01
6.100000e+01 0.000000e+00 0.000000e+00 1.248395e+02 1.134905e+01 1.134905e+01 4.539620e+00 4.539620e+00 1.222330e+01 1.222330e+01
7.010000e+01 0.000000e+00 0.000000e+00 1.412336e+02 1.377888e+01 1.377888e+01 6.889441e+00 6.889441e+00 1.540526e+01 1.540526e+01
8.050000e+01 0.000000e+00 0.000000e+00 1.095486e+02 1.564980e+01 1.564980e+01 4.694941e+00 4.694941e+00 1.633887e+01 1.633887e+01
9.240000e+01 0.000000e+00 0.000000e+00 1.183334e+02 1.577778e+01 1.577778e+01 5.522224e+00 5.522224e+00 1.671626e+01 1.671626e+01
1.085000e+02 0.000000e+00 0.000000e+00 1.277289e+02 2.554578e+01 2.554578e+01 5.109156e+00 5.109156e+00 2.605169e+01 2.605169e+01
1.304000e+02 0.000000e+00 0.000000e+00 1.552140e+02 2.217342e+01 2.217342e+01 6.652027e+00 6.652027e+00 2.314973e+01 2.314973e+01
1.638000e+02 0.000000e+00 0.000000e+00 1.186603e+02 2.197413e+01 2.197413e+01 4.394826e+00 4.394826e+00 2.240930e+01 2.240930e+01
2.207000e+02 0.000000e+00 0.000000e+00 1.031997e+02 2.687491e+01 3.224989e+01 5.374982e+00 5.374982e+00 2.740714e+01 3.269474e+01
3.179000e+02 0.000000e+00 0.000000e+00 8.995589e+01 3.533981e+01 4.176523e+01 3.212710e+00 3.212710e+00 3.548554e+01 4.188861e+01
4.914000e+02 0.000000e+00 0.000000e+00 1.067943e+02 7.119618e+01 8.306221e+01 1.186603e+01 1.186603e+01 7.217824e+01 8.390550e+01
