1001 1001 0.0010000000475 0.0
1001 1001 0.00104999996256 0.0
1001 1001 0.00110250001308 0.0
1001 1001 0.00115762499627 0.0
1001 1001 0.00121550622862 0.0
1001 1001 0.00127628154587 0.0
1001 1001 0.00134009565227 0.0
1001 1001 0.00140710046981 0.0
1001 1001 0.00147745548747 0.0
1001 1001 0.00155132822692 0.0
1001 1001 0.0016288945917 0.0
1001 1001 0.00171033933293 0.0
1001 1001 0.00179585628211 0.0
1001 1001 0.00188564916607 0.0
1001 1001 0.0019799314905 0.0
1001 1001 0.00207892828621 0.0
1001 1001 0.00218287459575 0.0
1001 1001 0.00229201838374 0.0
1001 1001 0.00240661925636 0.0
1001 1001 0.00252695009112 0.0
1001 1001 0.00265329773538 0.0
1001 1001 0.00278596254066 0.0
1001 1001 0.00292526069097 0.0
1001 1001 0.00307152373716 0.0
1001 1001 0.00322509999387 0.0
1001 1001 0.0033863550052 0.0
1001 1001 0.0035556727089 0.0
1001 1001 0.00373345636763 0.0
1001 1001 0.00392012903467 0.0
1001 1001 0.00411613564938 0.0
1001 1001 0.00432194257155 0.0
1001 1001 0.00453803967685 0.0
1001 1001 0.00476494152099 0.0
1001 1001 0.00500318873674 0.0
1001 1001 0.00525334803388 0.0
1001 1001 0.00551601545885 0.0
1001 1001 0.00579181592911 0.0
1001 1001 0.0060814069584 0.0
1001 1001 0.00638547725976 0.0
1001 1001 0.00670475093648 0.0
1001 1001 0.00703998887911 0.0
1001 1001 0.00739198829979 0.0
1001 1001 0.00776158738881 0.0
1001 1001 0.00814966671169 0.0
1001 1001 0.0085571501404 0.0
1001 1001 0.00898500811309 0.0
1001 1001 0.00943425856531 0.0
1001 1001 0.00990597065538 0.0
1001 1001 0.010401269421 0.0
1001 1001 0.0109213329852 0.0
1001 1001 0.0114674000069 0.0
1001 1001 0.0120407696813 0.0
1001 1001 0.0126428082585 0.0
1001 1001 0.013274949044 0.0
1001 1001 0.0139386961237 0.0
1001 1001 0.0146356308833 0.0
1001 1001 0.0153674120083 0.0
1001 1001 0.016135783866 0.0
1001 1001 0.0169425718486 0.0
1001 1001 0.0177897009999 0.0
1001 1001 0.0186791867018 0.0
1001 1001 0.0196131449193 0.0
1001 1001 0.020593803376 0.0
1001 1001 0.0216234922409 0.0
1001 1001 0.0227046664804 0.0
1001 1001 0.0238399002701 0.0
1001 1001 0.0250318963081 0.0
1001 1001 0.0262834895402 0.0
1001 1001 0.0275976657867 0.0
1001 1001 0.0289775487036 0.0
1001 1001 0.0304264258593 0.0
1001 1001 0.0319477468729 0.0
1001 1001 0.0335451327264 0.0
1001 1001 0.0352223925292 0.0
1001 1001 0.0369835086167 0.0
1001 1001 0.0388326868415 0.0
1001 1001 0.0407743193209 0.0
1001 1001 0.0428130365908 0.0
1001 1001 0.0449536889791 0.0
1001 1001 0.047201372683 0.0
1001 1001 0.0495614409447 0.0
1001 1001 0.0520395115018 0.0
1001 1001 0.0546414889395 0.0
1001 1001 0.0573735646904 0.0
1001 1001 0.0602422431111 0.0
1001 1001 0.0632543563843 0.0
1001 1001 0.066417068243 0.0
1001 1001 0.0697379261255 0.0
1001 1001 0.0732248201966 0.0
1001 1001 0.0768860653043 0.0
1001 1001 0.0807303637266 0.0
1001 1001 0.0847668796778 0.0
1001 1001 0.0890052244067 0.0
1001 1001 0.0934554859996 0.0
1001 1001 0.0981282666326 0.0
1001 1001 0.10000000149 0.0
1001 1001 0.104999996722 0.0
1001 1001 0.110250003636 0.0
1001 1001 0.115762501955 0.0
1001 1001 0.121550627053 0.0
1001 1001 0.127628162503 0.0
1001 1001 0.134009569883 0.0
1001 1001 0.140710040927 0.0
1001 1001 0.147745549679 0.0
1001 1001 0.155132815242 0.0
1001 1001 0.16288946569 0.0
1001 1001 0.171033933759 0.0
1001 1001 0.179585635662 0.0
1001 1001 0.188564911485 0.0
1001 1001 0.197993159294 0.0
1001 1001 0.207892820239 0.0
1001 1001 0.218287453055 0.0
1001 1001 0.229201838374 0.0
1001 1001 0.240661919117 0.0
1001 1001 0.252695024014 0.0
1001 1001 0.265329778194 0.0
1001 1001 0.278596252203 0.0
1001 1001 0.292526066303 0.0633646547794
1001 1001 0.30715239048 0.11317422241
1001 1001 0.322510004044 0.191367328167
1001 1001 0.338635504246 0.313053935766
1001 1001 0.355567276478 0.504869639874
1001 1001 0.373345643282 0.792937576771
1001 1001 0.392012923956 1.20251870155
1001 1001 0.411613553762 1.76972436905
1001 1001 0.432194232941 2.51450848579
1001 1001 0.453803956509 3.45207762718
1001 1001 0.476494133472 4.58036756516
1001 1001 0.500318825245 5.89386558533
1001 1001 0.525334775448 7.36299180984
1001 1001 0.551601529121 8.97168540955
1001 1001 0.579181611538 10.6541748047
1001 1001 0.608140707016 12.3672761917
1001 1001 0.638547718525 14.0731077194
1001 1001 0.670475125313 15.6969280243
1001 1001 0.703998863697 17.2247085571
1001 1001 0.739198803902 18.6200046539
1001 1001 0.776158750057 19.8588733673
1001 1001 0.814966678619 20.922668457
1001 1001 0.855715036392 21.8556137085
1001 1001 0.898500800133 22.663061142
1001 1001 0.943425834179 23.5020389557
1001 1001 0.990597128868 24.26927948
1001 1001 1.04012691975 24.8977661133
1001 1001 1.09213328362 25.4199638367
1001 1001 1.14673995972 25.8637943268
1001 1001 1.20407700539 26.2405014038
1001 1001 1.26428079605 26.532951355
1001 1001 1.3274948597 26.7709312439
1001 1001 1.39386963844 26.9513282776
1001 1001 1.4635630846 27.0900650024
1001 1001 1.53674125671 27.1932086945
1001 1001 1.61357831955 27.267364502
1001 1001 1.69425725937 27.3157844543
1001 1001 1.77897012234 27.3419265747
1001 1001 1.86791861057 27.3643760681
1001 1001 1.96131455898 27.3681201935
1001 1001 2.05938029289 27.3718662262
1001 1001 2.16234922409 27.3756141663
1001 1001 2.2704668045 27.3831100464
1001 1001 2.38399004936 27.3868598938
1001 1001 2.50318956375 27.405626297
1001 1001 2.62834906578 27.4206581116
1001 1001 2.75976657867 27.5339202881
1001 1001 2.89775490761 27.7324714661
1001 1001 3.04264259338 27.922208786
1001 1001 3.19477462769 28.0987567902
1001 1001 3.35451340675 28.2655620575
1001 1001 3.5222389698 28.4262771606
1001 1001 3.69835114479 28.5765724182
1001 1001 3.88326859474 28.7202148438
1001 1001 4.07743215561 28.8569774628
1001 1001 4.28130340576 28.9824428558
1001 1001 4.49536895752 29.1047668457
1001 1001 4.72013711929 29.2153186798
1001 1001 4.95614433289 29.3224124908
1001 1001 5.2039513588 29.4216365814
1001 1001 5.46414899826 29.5171737671
1001 1001 5.73735618591 29.6045684814
1001 1001 6.02422428131 29.6880722046
1001 1001 6.32543516159 29.7631874084
1001 1001 6.64170694351 29.8342323303
1001 1001 6.97379255295 29.9011440277
1001 1001 7.32248210907 29.9638690948
1001 1001 7.68860626221 30.0223484039
1001 1001 8.07303619385 30.0765323639
1001 1001 8.47668838501 30.1263713837
1001 1001 8.90052318573 30.1718254089
1001 1001 9.34554862976 30.217414856
1001 1001 9.81282615662 30.2585659027
1001 1001 10.3034677505 30.2952365875
1001 1001 10.8186407089 30.3273963928
1001 1001 11.3595733643 30.35962677
1001 1001 11.9275512695 30.3919239044
1001 1001 12.5239295959 30.4150352478
1001 1001 13.1501255035 30.4428157806
1001 1001 13.8076324463 30.4660053253
1001 1001 14.4980134964 30.4892292023
1001 1001 15.2229146957 30.5078353882
1001 1001 15.9840602875 30.5264625549
1001 1001 16.7832622528 30.5451126099
1001 1001 17.6224269867 30.5637874603
1001 1001 18.5035476685 30.5778064728
1001 1001 19.4287242889 30.591840744
1001 1001 20.4001617432 30.6058864594
1001 1001 21.4201698303 30.6199436188
1001 1001 22.4911785126 30.634016037
1001 1001 23.6157360077 30.6480998993
1001 1001 24.7965240479 30.6621990204
1001 1001 26.0363502502 30.6763095856
1001 1001 27.3381671906 30.6857223511
1001 1001 28.7050762177 30.6998558044
1001 1001 30.140329361 30.7140007019
1001 1001 31.6473464966 30.7234382629
1001 1001 33.2297134399 30.7376041412
1001 1001 34.8911972046 30.7517852783
1001 1001 36.6357574463 30.7659778595
1001 1001 38.4675445557 30.7801837921
1001 1001 40.3909225464 30.7991466522
1001 1001 42.4104690552 30.8133831024
1001 1001 44.5309944153 30.8323860168
1001 1001 46.7575416565 30.846654892
1001 1001 49.0954208374 30.8656978607
1001 1001 51.5501899719 30.884765625
1001 1001 54.1277008057 30.9038562775
1001 1001 56.8340873718 30.9277534485
1001 1001 59.6757888794 30.9468975067
1001 1001 62.6595802307 30.9708614349
1001 1001 65.7925567627 30.9948635101
1001 1001 69.0821838379 31.018901825
1001 1001 72.5362930298 31.0429763794
1001 1001 76.1631088257 31.0719165802
1001 1001 79.9712677002 31.1009101868
1001 1001 83.9698257446 31.1299591064
1001 1001 88.1683197021 31.1590614319
1001 1001 92.5767364502 31.1930828094
1001 1001 97.2055740356 31.2271785736
1001 1001 102.065849304 31.2613506317
1001 1001 107.169143677 31.2955951691
1001 1001 112.527603149 31.3348255157
1001 1001 118.15398407 31.3741531372
1001 1001 124.061683655 31.4135818481
1001 1001 130.264770508 31.4531078339
1001 1001 136.777999878 31.4976940155
1001 1001 143.616897583 31.5424060822
1001 1001 150.797744751 31.5872459412
1001 1001 158.337631226 31.6372184753
1001 1001 166.254516602 31.6923713684
1001 1001 174.567245483 31.7477149963
1001 1001 183.295608521 31.7981967926
1001 1001 192.460388184 31.8589859009
1001 1001 202.083404541 31.9149150848
1001 1001 212.187576294 31.9710407257
1001 1001 222.796951294 32.0324935913
1001 1001 233.936798096 32.0941848755
1001 1001 245.633636475 32.1561126709
1001 1001 257.915313721 32.2182807922
1001 1001 270.811096191 32.285900116
1001 1001 284.351654053 32.3485679626
1001 1001 298.569244385 32.4167366028
1001 1001 313.497680664 32.4851951599
1001 1001 329.172576904 32.5539398193
1001 1001 345.631195068 32.6229782104
1001 1001 362.912750244 32.6923103333
1001 1001 381.058410645 32.7619361877
1001 1001 400.111328125 32.8318595886
1001 1001 420.116882324 32.9020843506
1001 1001 441.122741699 32.9726066589
1001 1001 463.178863525 33.0434341431
1001 1001 486.337799072 33.114566803
1001 1001 510.654693604 33.1860046387
1001 1001 536.187438965 33.2577514648
1001 1001 562.996826172 33.324256897
1001 1001 591.14666748 33.3910255432
1001 1001 620.703979492 33.458065033
1001 1001 651.739196777 33.5366172791
1001 1001 684.326171875 33.6098937988
1001 1001 718.542480469 33.6891593933
1001 1001 754.469543457 33.7631034851
1001 1001 792.193054199 33.8430976868
1001 1001 831.802734375 33.9234695435
1001 1001 873.392822266 34.0042266846
1001 1001 917.0625 34.0853691101
1001 1001 962.915588379 34.1727371216
1001 1001 1011.06140137 34.2546844482
1001 1001 1061.61450195 34.3429260254
1001 1001 1114.69519043 34.425693512
1001 1001 1170.42993164 34.5148200989
1001 1001 1228.95141602 34.5984191895
1001 1001 1290.39904785 34.6884384155
1001 1001 1354.91894531 34.7789306641
1001 1001 1422.66491699 34.8698959351
1001 1001 1493.7980957 34.9613380432
1001 1001 1568.48803711 35.0532608032
1001 1001 1646.91247559 35.1456680298
1001 1001 1729.25805664 35.2447738647
1001 1001 1815.72094727 35.3381958008
1001 1001 1906.50708008 35.4321136475
1001 1001 2001.83239746 35.5328445435
1001 1001 2101.92407227 35.6278038025
1001 1001 2207.02026367 35.7232704163
1001 1001 2317.37133789 35.8256645203
1001 1001 2433.23974609 35.9286499023
1001 1001 2554.90185547 36.0257339478
1001 1001 2682.64697266 36.1298751831
1001 1001 2816.77929688 36.2280540466
1001 1001 2957.61816406 36.333366394
1001 1001 3105.49902344 36.4392967224
1001 1001 3260.77392578 36.5458450317
1001 1001 3423.81274414 36.6463012695
1001 1001 3595.00341797 36.7540626526
1001 1001 3774.75341797 36.8624610901
1001 1001 3963.49121094 36.9715042114
1001 1001 4161.66552734 37.0743141174
1001 1001 4369.74902344 37.1846160889
1001 1001 4588.23632812 37.2955703735
1001 1001 4817.6484375 37.4071922302
1001 1001 5058.53076172 37.5194854736
1001 1001 5311.45751953 37.6324539185
1001 1001 5577.03027344 37.7389793396
1001 1001 5855.88183594 37.8532752991
1001 1001 6148.67578125 37.9682655334
1001 1001 6456.109375 38.0839576721
1001 1001 6778.91503906 38.2003555298
1001 1001 7117.86083984 38.3174667358
1001 1001 7473.75390625 38.4352989197
1001 1001 7847.44140625 38.5464248657
1001 1001 8239.81347656 38.6656723022
1001 1001 8651.8046875 38.78565979
1001 1001 9084.39453125 38.9063911438
1001 1001 9538.61425781 39.0278816223
1001 1001 10015.5449219 39.1424674988
1001 1001 10516.3222656 39.2654342651
1001 1001 11042.1386719 39.3891792297
1001 1001 11594.2451172 39.505897522
1001 1001 12173.9570312 39.6311645508
1001 1001 12782.6552734 39.7572288513
1001 1001 13421.7880859 39.8761444092
1001 1001 14092.8769531 40.0037727356
1001 1001 14797.5214844 40.124168396
1001 1001 15537.3974609 40.2533950806
1001 1001 16314.2675781 40.3834533691
1001 1001 17129.9804688 40.506149292
1001 1001 17986.4804688 40.6295928955
1001 1001 18885.8027344 40.7621002197
1001 1001 19830.09375 40.8871116638
1001 1001 20821.5976562 41.0213050842
1001 1001 21862.6777344 41.1479148865
1001 1001 22955.8125 41.2753067017
1001 1001 24103.6035156 41.4120635986
1001 1001 25308.7832031 41.5410995483
1001 1001 26574.2226562 41.6709442139
1001 1001 27902.9335938 41.8016014099
1001 1001 29298.0800781 41.9330787659
1001 1001 30762.984375 42.0653877258
1001 1001 32301.1328125 42.2074432373
1001 1001 33916.1914062 42.3414916992
1001 1001 35612.0 42.4763946533
1001 1001 37392.5976562 42.6030807495
1001 1001 39262.2304688 42.7396583557
1001 1001 41225.3398438 42.8771133423
1001 1001 43286.609375 43.0154571533
1001 1001 45450.9375 43.1546936035
1001 1001 47723.484375 43.2948379517
1001 1001 50109.6601562 43.4264602661
1001 1001 52615.140625 43.5683784485
1001 1001 55245.8984375 43.711227417
1001 1001 58008.1953125 43.8453979492
1001 1001 60908.6054688 43.990070343
1001 1001 63954.0351562 44.1259613037
1001 1001 67151.734375 44.2724952698
1001 1001 70509.3203125 44.4101409912
1001 1001 74034.7890625 44.5585708618
1001 1001 77736.53125 44.6980018616
1001 1001 81623.3515625 44.8383102417
1001 1001 85704.5234375 44.9794998169
1001 1001 89989.75 45.1317672729
1001 1001 94489.234375 45.2748146057
1001 1001 99213.6953125 45.4187736511
1001 1001 104174.382812 45.5636482239
1001 1001 109383.101562 45.7094535828
1001 1001 114852.257812 45.8561935425
1001 1001 120594.867188 46.0038795471
1001 1001 126624.617188 46.1525192261
1001 1001 132955.84375 46.3021202087
1001 1001 139603.640625 46.44190979
1001 1001 146583.8125 46.5933952332
1001 1001 153913.015625 46.7458763123
1001 1001 161608.65625 46.8883590698
1001 1001 169689.09375 47.0427818298
1001 1001 178173.546875 47.1982192993
1001 1001 187082.21875 47.3434791565
1001 1001 196436.328125 47.5009155273
1001 1001 206258.15625 47.6480484009
1001 1001 216571.0625 47.7960929871
1001 1001 227399.609375 47.9565620422
1001 1001 238769.59375 48.1065330505
1001 1001 250708.078125 48.2574462891
1001 1001 263243.46875 48.4093093872
1001 1001 276405.65625 48.573928833
1001 1001 290225.9375 48.7277908325
1001 1001 304737.21875 48.8826332092
1001 1001 319974.09375 49.0384635925
1001 1001 335972.78125 49.1952896118
1001 1001 352771.4375 49.3531227112
1001 1001 370410.0 49.4997177124
1001 1001 388930.5 49.6595115662
1001 1001 408377.03125 49.8203430176
1001 1001 428795.875 49.982219696
1001 1001 450235.6875 50.1325798035
1001 1001 472747.46875 50.2964935303
1001 1001 496384.84375 50.4614830017
1001 1001 521204.09375 50.6147460938
1001 1001 547264.3125 50.7818336487
1001 1001 574627.5 50.9370498657
1001 1001 603358.875 51.1062774658
1001 1001 633526.8125 51.2634849548
1001 1001 665203.125 51.4216651917
1001 1001 698463.3125 51.5808258057
1001 1001 733386.5 51.7543640137
1001 1001 770055.8125 51.9155921936
1001 1001 808558.5625 52.0778274536
1001 1001 848986.5 52.2410812378
1001 1001 891435.875 52.4053611755
1001 1001 936007.625 52.5706787109
1001 1001 982808.0 52.7370414734
1001 1001 1031948.4375 52.904460907
1001 2004 0.0010000000475 0.0
1001 2004 0.00104999996256 0.0
1001 2004 0.00110250001308 0.0
1001 2004 0.00115762499627 0.0
1001 2004 0.00121550622862 0.0
1001 2004 0.00127628154587 0.0
1001 2004 0.00134009565227 0.0
1001 2004 0.00140710046981 0.0
1001 2004 0.00147745548747 0.0
1001 2004 0.00155132822692 0.0
1001 2004 0.0016288945917 0.0
1001 2004 0.00171033933293 0.0
1001 2004 0.00179585628211 0.0
1001 2004 0.00188564916607 0.0
1001 2004 0.0019799314905 0.0
1001 2004 0.00207892828621 0.0
1001 2004 0.00218287459575 0.0
1001 2004 0.00229201838374 0.0
1001 2004 0.00240661925636 0.0
1001 2004 0.00252695009112 0.0
1001 2004 0.00265329773538 0.0
1001 2004 0.00278596254066 0.0
1001 2004 0.00292526069097 0.0
1001 2004 0.00307152373716 0.0
1001 2004 0.00322509999387 0.0
1001 2004 0.0033863550052 0.0
1001 2004 0.0035556727089 0.0
1001 2004 0.00373345636763 0.0
1001 2004 0.00392012903467 0.0
1001 2004 0.00411613564938 0.0
1001 2004 0.00432194257155 0.0
1001 2004 0.00453803967685 0.0
1001 2004 0.00476494152099 0.0
1001 2004 0.00500318873674 0.0
1001 2004 0.00525334803388 0.0
1001 2004 0.00551601545885 0.0
1001 2004 0.00579181592911 0.0
1001 2004 0.0060814069584 0.0
1001 2004 0.00638547725976 0.0
1001 2004 0.00670475093648 0.0
1001 2004 0.00703998887911 0.0
1001 2004 0.00739198829979 0.0
1001 2004 0.00776158738881 0.0
1001 2004 0.00814966671169 0.0
1001 2004 0.0085571501404 0.0
1001 2004 0.00898500811309 0.0
1001 2004 0.00943425856531 0.0
1001 2004 0.00990597065538 0.0
1001 2004 0.010401269421 0.0
1001 2004 0.0109213329852 0.0
1001 2004 0.0114674000069 0.0
1001 2004 0.0120407696813 0.0
1001 2004 0.0126428082585 0.0
1001 2004 0.013274949044 0.0
1001 2004 0.0139386961237 0.0
1001 2004 0.0146356308833 0.0
1001 2004 0.0153674120083 0.0
1001 2004 0.016135783866 0.0
1001 2004 0.0169425718486 0.0
1001 2004 0.0177897009999 0.0
1001 2004 0.0186791867018 0.0
1001 2004 0.0196131449193 0.0
1001 2004 0.020593803376 0.0
1001 2004 0.0216234922409 0.0
1001 2004 0.0227046664804 0.0
1001 2004 0.0238399002701 0.0
1001 2004 0.0250318963081 0.0
1001 2004 0.0262834895402 0.0
1001 2004 0.0275976657867 0.0
1001 2004 0.0289775487036 0.0
1001 2004 0.0304264258593 0.0
1001 2004 0.0319477468729 0.0
1001 2004 0.0335451327264 0.0
1001 2004 0.0352223925292 0.0
1001 2004 0.0369835086167 0.0
1001 2004 0.0388326868415 0.0
1001 2004 0.0407743193209 0.0
1001 2004 0.0428130365908 0.0
1001 2004 0.0449536889791 0.0
1001 2004 0.047201372683 0.0
1001 2004 0.0495614409447 0.0
1001 2004 0.0520395115018 0.0
1001 2004 0.0546414889395 0.0
1001 2004 0.0573735646904 0.0
1001 2004 0.0602422431111 0.0
1001 2004 0.0632543563843 0.0
1001 2004 0.066417068243 0.0
1001 2004 0.0697379261255 0.0
1001 2004 0.0732248201966 0.0
1001 2004 0.0768860653043 0.0
1001 2004 0.0807303637266 0.0
1001 2004 0.0847668796778 0.0
1001 2004 0.0890052244067 0.0
1001 2004 0.0934554859996 0.0
1001 2004 0.0981282666326 0.0
1001 2004 0.10000000149 92.6921081543
1001 2004 0.104999996722 91.1518096924
1001 2004 0.110250003636 89.7422485352
1001 2004 0.115762501955 88.4341659546
1001 2004 0.121550627053 87.2396316528
1001 2004 0.127628162503 86.1510162354
1001 2004 0.134009569883 85.1797332764
1001 2004 0.140710040927 84.3365478516
1001 2004 0.147745549679 83.5796127319
1001 2004 0.155132815242 82.9562683105
1001 2004 0.16288946569 82.4438781738
1001 2004 0.171033933759 82.021697998
1001 2004 0.179585635662 81.7037124634
1001 2004 0.188564911485 81.4875717163
1001 2004 0.197993159294 81.3551254272
1001 2004 0.207892820239 81.3055648804
1001 2004 0.218287453055 81.3551254272
1001 2004 0.229201838374 81.4544143677
1001 2004 0.240661919117 81.6204452515
1001 2004 0.252695024014 81.8540267944
1001 2004 0.265329778194 82.139465332
1001 2004 0.278596252203 82.4608535767
1001 2004 0.292526066303 82.8190078735
1001 2004 0.30715239048 83.2148590088
1001 2004 0.322510004044 83.631980896
1001 2004 0.338635504246 84.0532989502
1001 2004 0.355567276478 84.4788818359
1001 2004 0.373345643282 84.9088058472
1001 2004 0.392012923956 85.3431167603
1001 2004 0.411613553762 85.7635269165
1001 2004 0.432194232941 86.1881027222
1001 2004 0.453803956509 86.5794372559
1001 2004 0.476494133472 86.9365844727
1001 2004 0.500318825245 87.2966918945
1001 2004 0.525334775448 87.6022567749
1001 2004 0.551601529121 87.9099731445
1001 2004 0.579181611538 88.1809997559
1001 2004 0.608140707016 88.414642334
1001 2004 0.638547718525 88.6495285034
1001 2004 0.670475125313 88.9053955078
1001 2004 0.703998863697 89.1627502441
1001 2004 0.739198803902 89.461555481
1001 2004 0.776158750057 89.7824935913
1001 2004 0.814966678619 90.2885971069
1001 2004 0.855715036392 91.1518096924
1001 2004 0.898500800133 92.158782959
1001 2004 0.943425834179 93.2968139648
1001 2004 0.990597128868 94.5971908569
1001 2004 1.04012691975 96.0493927002
1001 2004 1.09213328362 97.6896591187
1001 2004 1.14673995972 99.5104141235
1001 2004 1.20407700539 101.554634094
1001 2004 1.26428079605 103.845932007
1001 2004 1.3274948597 105.45954895
1001 2004 1.39386963844 106.952430725
1001 2004 1.4635630846 108.42943573
1001 2004 1.53674125671 109.917625427
1001 2004 1.61357831955 111.385231018
1001 2004 1.69425725937 112.828941345
1001 2004 1.77897012234 114.277946472
1001 2004 1.86791861057 115.731185913
1001 2004 1.96131455898 117.221870422
1001 2004 2.05938029289 117.635108948
1001 2004 2.16234922409 117.324905396
1001 2004 2.2704668045 117.050544739
1001 2004 2.38399004936 116.777458191
1001 2004 2.50318956375 116.505645752
1001 2004 2.62834906578 116.235099792
1001 2004 2.75976657867 115.932228088
1001 2004 2.89775490761 115.63092804
1001 2004 3.04264259338 115.297988892
1001 2004 3.19477462769 114.966957092
1001 2004 3.35451340675 114.572219849
1001 2004 3.5222389698 114.180183411
1001 2004 3.69835114479 113.758499146
1001 2004 3.88326859474 113.30783844
1001 2004 4.07743215561 112.828941345
1001 2004 4.28130340576 112.291053772
1001 2004 4.49536895752 111.695930481
1001 2004 4.72013711929 111.076255798
1001 2004 4.95614433289 110.43296051
1001 2004 5.2039513588 109.917625427
1001 2004 5.46414899826 109.887458801
1001 2004 5.73735618591 109.857315063
1001 2004 6.02422428131 109.797065735
1001 2004 6.32543516159 109.766967773
1001 2004 6.64170694351 109.7368927
1001 2004 6.97379255295 109.676773071
1001 2004 7.32248210907 109.646743774
1001 2004 7.68860626221 109.586730957
1001 2004 8.07303619385 109.556747437
1001 2004 8.47668838501 109.496833801
1001 2004 8.90052318573 109.436981201
1001 2004 9.34554862976 109.377197266
1001 2004 9.81282615662 109.317474365
1001 2004 10.3034677505 109.228019714
1001 2004 10.8186407089 109.138702393
1001 2004 11.3595733643 109.049537659
1001 2004 11.9275512695 108.960517883
1001 2004 12.5239295959 108.842056274
1001 2004 13.1501255035 108.753372192
1001 2004 13.8076324463 108.635353088
1001 2004 14.4980134964 108.517593384
1001 2004 15.2229146957 108.400085449
1001 2004 15.9840602875 108.282829285
1001 2004 16.7832622528 108.136619568
1001 2004 17.6224269867 108.019935608
1001 2004 18.5035476685 107.874435425
1001 2004 19.4287242889 107.75831604
1001 2004 20.4001617432 107.75831604
1001 2004 21.4201698303 107.729324341
1001 2004 22.4911785126 107.70035553
1001 2004 23.6157360077 107.70035553
1001 2004 24.7965240479 107.671394348
1001 2004 26.0363502502 107.642448425
1001 2004 27.3381671906 107.613517761
1001 2004 28.7050762177 107.613517761
1001 2004 30.140329361 107.584609985
1001 2004 31.6473464966 107.555709839
1001 2004 33.2297134399 107.526832581
1001 2004 34.8911972046 107.497962952
1001 2004 36.6357574463 107.469108582
1001 2004 38.4675445557 107.4402771
1001 2004 40.3909225464 107.411453247
1001 2004 42.4104690552 107.382652283
1001 2004 44.5309944153 107.325088501
1001 2004 46.7575416565 107.296333313
1001 2004 49.0954208374 107.267585754
1001 2004 51.5501899719 107.325088501
1001 2004 54.1277008057 107.382652283
1001 2004 56.8340873718 107.4402771
1001 2004 59.6757888794 107.497962952
1001 2004 62.6595802307 107.584609985
1001 2004 65.7925567627 107.642448425
1001 2004 69.0821838379 107.729324341
1001 2004 72.5362930298 107.787322998
1001 2004 76.1631088257 107.874435425
1001 2004 79.9712677002 107.96169281
1001 2004 83.9698257446 108.049087524
1001 2004 88.1683197021 108.16583252
1001 2004 92.5767364502 108.253555298
1001 2004 97.2055740356 108.370750427
1001 2004 102.065849304 108.42943573
1001 2004 107.169143677 108.488189697
1001 2004 112.527603149 108.5470047
1001 2004 118.15398407 108.635353088
1001 2004 124.061683655 108.694328308
1001 2004 130.264770508 108.753372192
1001 2004 136.777999878 108.842056274
1001 2004 143.616897583 108.930877686
1001 2004 150.797744751 108.990180969
1001 2004 158.337631226 109.079246521
1001 2004 166.254516602 109.168457031
1001 2004 174.567245483 109.257820129
1001 2004 183.295608521 109.377197266
1001 2004 192.460388184 109.466896057
1001 2004 202.083404541 109.586730957
1001 2004 212.187576294 109.646743774
1001 2004 222.796951294 109.7368927
1001 2004 233.936798096 109.827186584
1001 2004 245.633636475 109.947807312
1001 2004 257.915313721 110.038444519
1001 2004 270.811096191 110.159538269
1001 2004 284.351654053 110.250526428
1001 2004 298.569244385 110.372077942
1001 2004 313.497680664 110.493904114
1001 2004 329.172576904 110.615997314
1001 2004 345.631195068 110.768997192
1001 2004 362.912750244 110.891693115
1001 2004 381.058410645 111.045455933
1001 2004 400.111328125 111.199638367
1001 2004 420.116882324 111.354255676
1001 2004 441.122741699 111.478263855
1001 2004 463.178863525 111.633651733
1001 2004 486.337799072 111.789482117
1001 2004 510.654693604 111.945739746
1001 2004 536.187438965 112.10243988
1001 2004 562.996826172 112.291053772
1001 2004 591.14666748 112.480308533
1001 2004 620.703979492 112.670204163
1001 2004 651.739196777 112.860740662
1001 2004 684.326171875 113.083847046
1001 2004 718.542480469 113.30783844
1001 2004 754.469543457 113.532722473
1001 2004 792.193054199 113.79082489
1001 2004 831.802734375 114.050102234
1001 2004 873.392822266 114.310562134
1001 2004 917.0625 114.605010986
1001 2004 962.915588379 114.900978088
1001 2004 1011.06140137 115.165344238
1001 2004 1061.61450195 115.264801025
1001 2004 1114.69519043 115.364425659
1001 2004 1170.42993164 115.46421814
1001 2004 1228.95141602 115.597549438
1001 2004 1290.39904785 115.731185913
1001 2004 1354.91894531 115.831619263
1001 2004 1422.66491699 115.965797424
1001 2004 1493.7980957 116.133964539
1001 2004 1568.48803711 116.268844604
1001 2004 1646.91247559 116.437889099
1001 2004 1729.25805664 116.607429504
1001 2004 1815.72094727 116.777458191
1001 2004 1906.50708008 116.947990417
1001 2004 2001.83239746 117.119010925
1001 2004 2101.92407227 117.324905396
1001 2004 2207.02026367 117.531524658
1001 2004 2317.37133789 117.773506165
1001 2004 2433.23974609 117.981704712
1001 2004 2554.90185547 118.225540161
1001 2004 2682.64697266 118.47039032
1001 2004 2816.77929688 118.751457214
1001 2004 2957.61816406 119.033859253
1001 2004 3105.49902344 119.317611694
1001 2004 3260.77392578 119.638458252
1001 2004 3423.81274414 119.961029053
1001 2004 3595.00341797 120.285346985
1001 2004 3774.75341797 120.647758484
1001 2004 3963.49121094 121.048942566
1001 2004 4161.66552734 121.415985107
1001 2004 4369.74902344 121.859375
1001 2004 4588.23632812 122.268676758
1001 2004 4817.6484375 122.718330383
1001 2004 5058.53076172 123.209205627
1001 2004 5311.45751953 123.704017639
1001 2004 5577.03027344 124.241363525
1001 2004 5855.88183594 124.78339386
1001 2004 6148.67578125 125.369415283
1001 2004 6456.109375 126.000602722
1001 2004 6778.91503906 126.638175964
1001 2004 7117.86083984 127.32270813
1001 2004 7473.75390625 128.014678955
1001 2004 7847.44140625 128.755599976
1001 2004 8239.81347656 129.547042847
1001 2004 8651.8046875 130.34828186
1001 2004 9084.39453125 131.202453613
1001 2004 9538.61425781 132.111480713
1001 2004 10015.5449219 133.033187866
1001 2004 10516.3222656 133.432159424
1001 2004 11042.1386719 133.788818359
1001 2004 11594.2451172 134.192337036
1001 2004 12173.9570312 134.55305481
1001 2004 12782.6552734 134.961212158
1001 2004 13421.7880859 135.326095581
1001 2004 14092.8769531 135.692962646
1001 2004 14797.5214844 136.061813354
1001 2004 15537.3974609 136.479171753
1001 2004 16314.2675781 136.852325439
1001 2004 17129.9804688 137.227523804
1001 2004 17986.4804688 137.604782104
1001 2004 18885.8027344 137.984115601
1001 2004 19830.09375 138.36555481
1001 2004 20821.5976562 138.749099731
1001 2004 21862.6777344 139.134780884
1001 2004 22955.8125 139.474014282
1001 2004 24103.6035156 139.863754272
1001 2004 25308.7832031 140.255661011
1001 2004 26574.2226562 140.649780273
1001 2004 27902.9335938 140.996444702
1001 2004 29298.0800781 141.394744873
1001 2004 30762.984375 141.745101929
1001 2004 32301.1328125 142.147644043
1001 2004 33916.1914062 142.501754761
1001 2004 35612.0 142.908599854
1001 2004 37392.5976562 143.26651001
1001 2004 39262.2304688 143.677764893
1001 2004 41225.3398438 144.039535522
1001 2004 43286.609375 144.403137207
1001 2004 45450.9375 144.82093811
1001 2004 47723.484375 145.18850708
1001 2004 50109.6601562 145.557952881
1001 2004 52615.140625 145.929275513
1001 2004 55245.8984375 146.302490234
1001 2004 58008.1953125 146.677627563
1001 2004 60908.6054688 147.0546875
1001 2004 63954.0351562 147.433700562
1001 2004 67151.734375 147.814651489
1001 2004 70509.3203125 148.197601318
1001 2004 74034.7890625 148.58253479
1001 2004 77736.53125 148.969467163
1001 2004 81623.3515625 149.358413696
1001 2004 85704.5234375 149.749404907
1001 2004 89989.75 150.086166382
1001 2004 94489.234375 150.480987549
1001 2004 99213.6953125 150.877883911
1001 2004 104174.382812 151.276885986
1001 2004 109383.101562 151.620559692
1001 2004 114852.257812 152.023498535
1001 2004 120594.867188 152.37059021
1001 2004 126624.617188 152.777526855
1001 2004 132955.84375 153.128067017
1001 2004 139603.640625 153.539077759
1001 2004 146583.8125 153.893127441
1001 2004 153913.015625 154.308258057
1001 2004 161608.65625 154.665863037
1001 2004 169689.09375 155.025131226
1001 2004 178173.546875 155.446395874
1001 2004 187082.21875 155.809310913
1001 2004 196436.328125 156.173919678
1001 2004 206258.15625 156.540237427
1001 2004 216571.0625 156.969787598
1001 2004 227399.609375 157.33984375
1001 2004 238769.59375 157.711669922
1001 2004 250708.078125 158.085235596
1001 2004 263243.46875 158.460586548
1001 2004 276405.65625 158.837722778
1001 2004 290225.9375 159.216659546
1001 2004 304737.21875 159.597412109
1001 2004 319974.09375 159.979995728
1001 2004 335972.78125 160.364395142
1001 2004 352771.4375 160.750671387
1001 2004 370410.0 161.138793945
1001 2004 388930.5 161.463668823
1001 2004 408377.03125 161.855255127
1001 2004 428795.875 162.248748779
1001 2004 450235.6875 162.64414978
1001 2004 472747.46875 162.975143433
1001 2004 496384.84375 163.374099731
1001 2004 521204.09375 163.775009155
1001 2004 547264.3125 164.177902222
1001 2004 574627.5 164.515167236
1001 2004 603358.875 164.921707153
1001 2004 633526.8125 165.262039185
1001 2004 665203.125 165.672286987
1001 2004 698463.3125 166.015716553
1001 2004 733386.5 166.429718018
1001 2004 770055.8125 166.776306152
1001 2004 808558.5625 167.194122314
1001 2004 848986.5 167.543899536
1001 2004 891435.875 167.965560913
1001 2004 936007.625 168.318588257
1001 2004 982808.0 168.673095703
1001 2004 1031948.4375 169.100463867
2004 1001 0.0010000000475 0.0
2004 1001 0.00104999996256 0.0
2004 1001 0.00110250001308 0.0
2004 1001 0.00115762499627 0.0
2004 1001 0.00121550622862 0.0
2004 1001 0.00127628154587 0.0
2004 1001 0.00134009565227 0.0
2004 1001 0.00140710046981 0.0
2004 1001 0.00147745548747 0.0
2004 1001 0.00155132822692 0.0
2004 1001 0.0016288945917 0.0
2004 1001 0.00171033933293 0.0
2004 1001 0.00179585628211 0.0
2004 1001 0.00188564916607 0.0
2004 1001 0.0019799314905 0.0
2004 1001 0.00207892828621 0.0
2004 1001 0.00218287459575 0.0
2004 1001 0.00229201838374 0.0
2004 1001 0.00240661925636 0.0
2004 1001 0.00252695009112 0.0
2004 1001 0.00265329773538 0.0
2004 1001 0.00278596254066 0.0
2004 1001 0.00292526069097 0.0
2004 1001 0.00307152373716 0.0
2004 1001 0.00322509999387 0.0
2004 1001 0.0033863550052 0.0
2004 1001 0.0035556727089 0.0
2004 1001 0.00373345636763 0.0
2004 1001 0.00392012903467 0.0
2004 1001 0.00411613564938 0.0
2004 1001 0.00432194257155 0.0
2004 1001 0.00453803967685 0.0
2004 1001 0.00476494152099 0.0
2004 1001 0.00500318873674 0.0
2004 1001 0.00525334803388 0.0
2004 1001 0.00551601545885 0.0
2004 1001 0.00579181592911 0.0
2004 1001 0.0060814069584 0.0
2004 1001 0.00638547725976 0.0
2004 1001 0.00670475093648 0.0
2004 1001 0.00703998887911 0.0
2004 1001 0.00739198829979 0.0
2004 1001 0.00776158738881 0.0
2004 1001 0.00814966671169 0.0
2004 1001 0.0085571501404 0.0
2004 1001 0.00898500811309 0.0
2004 1001 0.00943425856531 0.0
2004 1001 0.00990597065538 0.0
2004 1001 0.010401269421 0.0
2004 1001 0.0109213329852 0.0
2004 1001 0.0114674000069 0.0
2004 1001 0.0120407696813 0.0
2004 1001 0.0126428082585 0.0
2004 1001 0.013274949044 0.0
2004 1001 0.0139386961237 0.0
2004 1001 0.0146356308833 0.0
2004 1001 0.0153674120083 0.0
2004 1001 0.016135783866 0.0
2004 1001 0.0169425718486 0.0
2004 1001 0.0177897009999 0.0
2004 1001 0.0186791867018 0.0
2004 1001 0.0196131449193 0.0
2004 1001 0.020593803376 0.0
2004 1001 0.0216234922409 0.0
2004 1001 0.0227046664804 0.0
2004 1001 0.0238399002701 0.0
2004 1001 0.0250318963081 0.0
2004 1001 0.0262834895402 0.0
2004 1001 0.0275976657867 0.0
2004 1001 0.0289775487036 0.0
2004 1001 0.0304264258593 0.0
2004 1001 0.0319477468729 0.0
2004 1001 0.0335451327264 0.0
2004 1001 0.0352223925292 0.0
2004 1001 0.0369835086167 0.0
2004 1001 0.0388326868415 0.0
2004 1001 0.0407743193209 0.0
2004 1001 0.0428130365908 0.0
2004 1001 0.0449536889791 0.0
2004 1001 0.047201372683 0.0
2004 1001 0.0495614409447 0.0
2004 1001 0.0520395115018 0.0
2004 1001 0.0546414889395 0.0
2004 1001 0.0573735646904 0.0
2004 1001 0.0602422431111 0.0
2004 1001 0.0632543563843 0.0
2004 1001 0.066417068243 0.0
2004 1001 0.0697379261255 0.0
2004 1001 0.0732248201966 0.0
2004 1001 0.0768860653043 0.0
2004 1001 0.0807303637266 0.0
2004 1001 0.0847668796778 0.0
2004 1001 0.0890052244067 0.0
2004 1001 0.0934554859996 0.0
2004 1001 0.0981282666326 0.0
2004 1001 0.10000000149 92.4543991089
2004 1001 0.104999996722 90.9408187866
2004 1001 0.110250003636 89.556137085
2004 1001 0.115762501955 88.2519226074
2004 1001 0.121550627053 87.0988082886
2004 1001 0.127628162503 86.0124130249
2004 1001 0.134009569883 85.0611877441
2004 1001 0.140710040927 84.2370910645
2004 1001 0.147745549679 83.4984817505
2004 1001 0.155132815242 82.875617981
2004 1001 0.16288946569 82.3975524902
2004 1001 0.171033933759 81.992149353
2004 1001 0.179585635662 81.6907119751
2004 1001 0.188564911485 81.4577865601
2004 1001 0.197993159294 81.3583602905
2004 1001 0.207892820239 81.3252792358
2004 1001 0.218287453055 81.3583602905
2004 1001 0.229201838374 81.4909744263
2004 1001 0.240661919117 81.6573562622
2004 1001 0.252695024014 81.8914260864
2004 1001 0.265329778194 82.1943511963
2004 1001 0.278596252203 82.5335769653
2004 1001 0.292526066303 82.875617981
2004 1001 0.30715239048 83.2898178101
2004 1001 0.322510004044 83.6731643677
2004 1001 0.338635504246 84.1307754517
2004 1001 0.355567276478 84.5576553345
2004 1001 0.373345643282 84.9888916016
2004 1001 0.392012923956 85.4245452881
2004 1001 0.411613553762 85.827835083
2004 1001 0.432194232941 86.234954834
2004 1001 0.453803956509 86.6459503174
2004 1001 0.476494133472 86.9851455688
2004 1001 0.500318825245 87.3270111084
2004 1001 0.525334775448 87.6715698242
2004 1001 0.551601529121 87.9414520264
2004 1001 0.579181611538 88.2129974365
2004 1001 0.608140707016 88.4470825195
2004 1001 0.638547718525 88.6824188232
2004 1001 0.670475125313 88.9585647583
2004 1001 0.703998863697 89.1966323853
2004 1001 0.739198803902 89.5160522461
2004 1001 0.776158750057 89.8377609253
2004 1001 0.814966678619 90.4063568115
2004 1001 0.855715036392 91.3145446777
2004 1001 0.898500800133 92.3263397217
2004 1001 0.943425834179 93.4917526245
2004 1001 0.990597128868 94.821647644
2004 1001 1.04012691975 96.2825469971
2004 1001 1.09213328362 97.9328384399
2004 1001 1.14673995972 99.7898483276
2004 1001 1.20407700539 101.874099731
2004 1001 1.26428079605 104.155654907
2004 1001 1.3274948597 105.697067261
2004 1001 1.39386963844 107.169807434
2004 1001 1.4635630846 108.6251297
2004 1001 1.53674125671 110.120513916
2004 1001 1.61357831955 111.595344543
2004 1001 1.69425725937 113.046272278
2004 1001 1.77897012234 114.469863892
2004 1001 1.86791861057 115.929771423
2004 1001 1.96131455898 117.427398682
2004 1001 2.05938029289 117.565467834
2004 1001 2.16234922409 117.289649963
2004 1001 2.2704668045 117.015129089
2004 1001 2.38399004936 116.741889954
2004 1001 2.50318956375 116.469924927
2004 1001 2.62834906578 116.19921875
2004 1001 2.75976657867 115.929771423
2004 1001 2.89775490761 115.594718933
2004 1001 3.04264259338 115.26158905
2004 1001 3.19477462769 114.930374146
2004 1001 3.35451340675 114.535430908
2004 1001 3.5222389698 114.143180847
2004 1001 3.69835114479 113.688949585
2004 1001 3.88326859474 113.238311768
2004 1001 4.07743215561 112.791236877
2004 1001 4.28130340576 112.221580505
2004 1001 4.49536895752 111.595344543
2004 1001 4.72013711929 110.97605896
2004 1001 4.95614433289 110.302734375
2004 1001 5.2039513588 109.938896179
2004 1001 5.46414899826 109.878494263
2004 1001 5.73735618591 109.818153381
2004 1001 6.02422428131 109.818153381
2004 1001 6.32543516159 109.757881165
2004 1001 6.64170694351 109.757881165
2004 1001 6.97379255295 109.697669983
2004 1001 7.32248210907 109.637535095
2004 1001 7.68860626221 109.577453613
2004 1001 8.07303619385 109.577453613
2004 1001 8.47668838501 109.517448425
2004 1001 8.90052318573 109.457504272
2004 1001 9.34554862976 109.397621155
2004 1001 9.81282615662 109.278060913
2004 1001 10.3034677505 109.218383789
2004 1001 10.8186407089 109.099212646
2004 1001 11.3595733643 109.039726257
2004 1001 11.9275512695 108.920944214
2004 1001 12.5239295959 108.861656189
2004 1001 13.1501255035 108.743263245
2004 1001 13.8076324463 108.6251297
2004 1001 14.4980134964 108.507247925
2004 1001 15.2229146957 108.389625549
2004 1001 15.9840602875 108.272254944
2004 1001 16.7832622528 108.155143738
2004 1001 17.6224269867 107.979942322
2004 1001 18.5035476685 107.863464355
2004 1001 19.4287242889 107.74723053
2004 1001 20.4001617432 107.74723053
2004 1001 21.4201698303 107.74723053
2004 1001 22.4911785126 107.689208984
2004 1001 23.6157360077 107.689208984
2004 1001 24.7965240479 107.689208984
2004 1001 26.0363502502 107.631248474
2004 1001 27.3381671906 107.631248474
2004 1001 28.7050762177 107.631248474
2004 1001 30.140329361 107.573348999
2004 1001 31.6473464966 107.573348999
2004 1001 33.2297134399 107.515518188
2004 1001 34.8911972046 107.515518188
2004 1001 36.6357574463 107.457740784
2004 1001 38.4675445557 107.457740784
2004 1001 40.3909225464 107.400032043
2004 1001 42.4104690552 107.400032043
2004 1001 44.5309944153 107.342384338
2004 1001 46.7575416565 107.284797668
2004 1001 49.0954208374 107.284797668
2004 1001 51.5501899719 107.342384338
2004 1001 54.1277008057 107.400032043
2004 1001 56.8340873718 107.457740784
2004 1001 59.6757888794 107.515518188
2004 1001 62.6595802307 107.573348999
2004 1001 65.7925567627 107.631248474
2004 1001 69.0821838379 107.74723053
2004 1001 72.5362930298 107.80531311
2004 1001 76.1631088257 107.921669006
2004 1001 79.9712677002 107.979942322
2004 1001 83.9698257446 108.096679688
2004 1001 88.1683197021 108.155143738
2004 1001 92.5767364502 108.272254944
2004 1001 97.2055740356 108.389625549
2004 1001 102.065849304 108.448402405
2004 1001 107.169143677 108.507247925
2004 1001 112.527603149 108.56615448
2004 1001 118.15398407 108.6251297
2004 1001 124.061683655 108.684158325
2004 1001 130.264770508 108.80242157
2004 1001 136.777999878 108.861656189
2004 1001 143.616897583 108.920944214
2004 1001 150.797744751 109.039726257
2004 1001 158.337631226 109.099212646
2004 1001 166.254516602 109.218383789
2004 1001 174.567245483 109.278060913
2004 1001 183.295608521 109.397621155
2004 1001 192.460388184 109.517448425
2004 1001 202.083404541 109.577453613
2004 1001 212.187576294 109.697669983
2004 1001 222.796951294 109.757881165
2004 1001 233.936798096 109.878494263
2004 1001 245.633636475 109.938896179
2004 1001 257.915313721 110.059913635
2004 1001 270.811096191 110.181190491
2004 1001 284.351654053 110.302734375
2004 1001 298.569244385 110.424545288
2004 1001 313.497680664 110.546630859
2004 1001 329.172576904 110.668983459
2004 1001 345.631195068 110.791610718
2004 1001 362.912750244 110.914505005
2004 1001 381.058410645 111.099365234
2004 1001 400.111328125 111.222946167
2004 1001 420.116882324 111.346801758
2004 1001 441.122741699 111.533103943
2004 1001 463.178863525 111.657653809
2004 1001 486.337799072 111.782478333
2004 1001 510.654693604 111.970245361
2004 1001 536.187438965 112.158638
2004 1001 562.996826172 112.284591675
2004 1001 591.14666748 112.4740448
2004 1001 620.703979492 112.664146423
2004 1001 651.739196777 112.918609619
2004 1001 684.326171875 113.110214233
2004 1001 718.542480469 113.366699219
2004 1001 754.469543457 113.559829712
2004 1001 792.193054199 113.818359375
2004 1001 831.802734375 114.078071594
2004 1001 873.392822266 114.33896637
2004 1001 917.0625 114.666778564
2004 1001 962.915588379 114.930374146
2004 1001 1011.06140137 115.195198059
2004 1001 1061.61450195 115.26158905
2004 1001 1114.69519043 115.394607544
2004 1001 1170.42993164 115.527938843
2004 1001 1228.95141602 115.594718933
2004 1001 1290.39904785 115.728507996
2004 1001 1354.91894531 115.862602234
2004 1001 1422.66491699 115.997016907
2004 1001 1493.7980957 116.131744385
2004 1001 1568.48803711 116.266777039
2004 1001 1646.91247559 116.469924927
2004 1001 1729.25805664 116.605751038
2004 1001 1815.72094727 116.810081482
2004 1001 1906.50708008 116.94670105
2004 1001 2001.83239746 117.152229309
2004 1001 2101.92407227 117.358482361
2004 1001 2207.02026367 117.565467834
2004 1001 2317.37133789 117.773178101
2004 1001 2433.23974609 118.051277161
2004 1001 2554.90185547 118.26071167
2004 1001 2682.64697266 118.541114807
2004 1001 2816.77929688 118.822853088
2004 1001 2957.61816406 119.105934143
2004 1001 3105.49902344 119.390365601
2004 1001 3260.77392578 119.67615509
2004 1001 3423.81274414 120.035331726
2004 1001 3595.00341797 120.32421875
2004 1001 3774.75341797 120.687301636
2004 1001 3963.49121094 121.125900269
2004 1001 4161.66552734 121.493835449
2004 1001 4369.74902344 121.938323975
2004 1001 4588.23632812 122.311225891
2004 1001 4817.6484375 122.837135315
2004 1001 5058.53076172 123.291526794
2004 1001 5311.45751953 123.825920105
2004 1001 5577.03027344 124.287666321
2004 1001 5855.88183594 124.908714294
2004 1001 6148.67578125 125.457252502
2004 1001 6456.109375 126.090072632
2004 1001 6778.91503906 126.729316711
2004 1001 7117.86083984 127.375068665
2004 1001 7473.75390625 128.109451294
2004 1001 7847.44140625 128.852355957
2004 1001 8239.81347656 129.687973022
2004 1001 8651.8046875 130.449356079
2004 1001 9084.39453125 131.305877686
2004 1001 9538.61425781 132.261154175
2004 1001 10015.5449219 133.141723633
2004 1001 10516.3222656 133.497238159
2004 1001 11042.1386719 133.854660034
2004 1001 11594.2451172 134.214004517
2004 1001 12173.9570312 134.665893555
2004 1001 12782.6552734 135.02961731
2004 1001 13421.7880859 135.395294189
2004 1001 14092.8769531 135.762969971
2004 1001 14797.5214844 136.132644653
2004 1001 15537.3974609 136.504333496
2004 1001 16314.2675781 136.878067017
2004 1001 17129.9804688 137.253845215
2004 1001 17986.4804688 137.631698608
2004 1001 18885.8027344 138.011627197
2004 1001 19830.09375 138.393676758
2004 1001 20821.5976562 138.777832031
2004 1001 21862.6777344 139.164138794
2004 1001 22955.8125 139.552581787
2004 1001 24103.6035156 139.943222046
2004 1001 25308.7832031 140.336044312
2004 1001 26574.2226562 140.731079102
2004 1001 27902.9335938 141.028808594
2004 1001 29298.0800781 141.427764893
2004 1001 30762.984375 141.828979492
2004 1001 32301.1328125 142.232467651
2004 1001 33916.1914062 142.536605835
2004 1001 35612.0 142.944137573
2004 1001 37392.5976562 143.354019165
2004 1001 39262.2304688 143.76625061
2004 1001 41225.3398438 144.076980591
2004 1001 43286.609375 144.493392944
2004 1001 45450.9375 144.912216187
2004 1001 47723.484375 145.227935791
2004 1001 50109.6601562 145.651031494
2004 1001 52615.140625 145.969970703
2004 1001 55245.8984375 146.397399902
2004 1001 58008.1953125 146.71963501
2004 1001 60908.6054688 147.151473999
2004 1001 63954.0351562 147.477035522
2004 1001 67151.734375 147.913360596
2004 1001 70509.3203125 148.242294312
2004 1001 74034.7890625 148.683166504
2004 1001 77736.53125 149.015548706
2004 1001 81623.3515625 149.461029053
2004 1001 85704.5234375 149.796890259
2004 1001 89989.75 150.134277344
2004 1001 94489.234375 150.586486816
2004 1001 99213.6953125 150.927444458
2004 1001 104174.382812 151.269943237
2004 1001 109383.101562 151.729034424
2004 1001 114852.257812 152.075180054
2004 1001 120594.867188 152.422912598
2004 1001 126624.617188 152.772232056
2004 1001 132955.84375 153.240509033
2004 1001 139603.640625 153.593597412
2004 1001 146583.8125 153.948318481
2004 1001 153913.015625 154.304672241
2004 1001 161608.65625 154.782394409
2004 1001 169689.09375 155.14263916
2004 1001 178173.546875 155.504562378
2004 1001 187082.21875 155.868164062
2004 1001 196436.328125 156.23348999
2004 1001 206258.15625 156.600509644
2004 1001 216571.0625 156.969268799
2004 1001 227399.609375 157.339782715
2004 1001 238769.59375 157.712036133
2004 1001 250708.078125 158.08605957
2004 1001 263243.46875 158.461853027
2004 1001 276405.65625 158.839447021
2004 1001 290225.9375 159.218841553
2004 1001 304737.21875 159.60005188
2004 1001 319974.09375 159.983093262
2004 1001 335972.78125 160.367965698
2004 1001 352771.4375 160.754714966
2004 1001 370410.0 161.143310547
2004 1001 388930.5 161.533813477
2004 1001 408377.03125 161.926193237
2004 1001 428795.875 162.320495605
2004 1001 450235.6875 162.716720581
2004 1001 472747.46875 163.114898682
2004 1001 496384.84375 163.38142395
2004 1001 521204.09375 163.782852173
2004 1001 547264.3125 164.186248779
2004 1001 574627.5 164.591659546
2004 1001 603358.875 164.999053955
2004 1001 633526.8125 165.408477783
2004 1001 665203.125 165.682571411
2004 1001 698463.3125 166.095397949
2004 1001 733386.5 166.510284424
2004 1001 770055.8125 166.927261353
2004 1001 808558.5625 167.20640564
2004 1001 848986.5 167.626876831
2004 1001 891435.875 168.049453735
2004 1001 936007.625 168.332366943
2004 1001 982808.0 168.758529663
2004 1001 1031948.4375 169.186843872
2004 2004 0.0010000000475 0.0
2004 2004 0.00104999996256 0.0
2004 2004 0.00110250001308 0.0
2004 2004 0.00115762499627 0.0
2004 2004 0.00121550622862 0.0
2004 2004 0.00127628154587 0.0
2004 2004 0.00134009565227 0.0
2004 2004 0.00140710046981 0.0
2004 2004 0.00147745548747 0.0
2004 2004 0.00155132822692 0.0
2004 2004 0.0016288945917 0.0
2004 2004 0.00171033933293 0.0
2004 2004 0.00179585628211 0.0
2004 2004 0.00188564916607 0.0
2004 2004 0.0019799314905 0.0
2004 2004 0.00207892828621 0.0
2004 2004 0.00218287459575 0.0
2004 2004 0.00229201838374 0.0
2004 2004 0.00240661925636 0.0
2004 2004 0.00252695009112 0.0
2004 2004 0.00265329773538 0.0
2004 2004 0.00278596254066 0.0
2004 2004 0.00292526069097 0.0
2004 2004 0.00307152373716 0.0
2004 2004 0.00322509999387 0.0
2004 2004 0.0033863550052 0.0
2004 2004 0.0035556727089 0.0
2004 2004 0.00373345636763 0.0
2004 2004 0.00392012903467 0.0
2004 2004 0.00411613564938 0.0
2004 2004 0.00432194257155 0.0
2004 2004 0.00453803967685 0.0
2004 2004 0.00476494152099 0.0
2004 2004 0.00500318873674 0.0
2004 2004 0.00525334803388 0.0
2004 2004 0.00551601545885 0.0
2004 2004 0.00579181592911 0.0
2004 2004 0.0060814069584 0.0
2004 2004 0.00638547725976 0.0
2004 2004 0.00670475093648 0.0
2004 2004 0.00703998887911 0.0
2004 2004 0.00739198829979 0.0
2004 2004 0.00776158738881 0.0
2004 2004 0.00814966671169 0.0
2004 2004 0.0085571501404 0.0
2004 2004 0.00898500811309 0.0
2004 2004 0.00943425856531 0.0
2004 2004 0.00990597065538 0.0
2004 2004 0.010401269421 0.0
2004 2004 0.0109213329852 0.0
2004 2004 0.0114674000069 0.0
2004 2004 0.0120407696813 0.0
2004 2004 0.0126428082585 0.0
2004 2004 0.013274949044 0.0
2004 2004 0.0139386961237 0.0
2004 2004 0.0146356308833 0.0
2004 2004 0.0153674120083 0.0
2004 2004 0.016135783866 0.0
2004 2004 0.0169425718486 0.0
2004 2004 0.0177897009999 0.0
2004 2004 0.0186791867018 0.0
2004 2004 0.0196131449193 0.0
2004 2004 0.020593803376 0.0
2004 2004 0.0216234922409 0.0
2004 2004 0.0227046664804 0.0
2004 2004 0.0238399002701 0.0
2004 2004 0.0250318963081 0.0
2004 2004 0.0262834895402 0.0
2004 2004 0.0275976657867 0.0
2004 2004 0.0289775487036 0.0
2004 2004 0.0304264258593 0.0
2004 2004 0.0319477468729 0.0
2004 2004 0.0335451327264 0.0
2004 2004 0.0352223925292 0.0
2004 2004 0.0369835086167 0.0
2004 2004 0.0388326868415 0.0
2004 2004 0.0407743193209 0.0
2004 2004 0.0428130365908 0.0
2004 2004 0.0449536889791 0.0
2004 2004 0.047201372683 0.0
2004 2004 0.0495614409447 0.0
2004 2004 0.0520395115018 0.0
2004 2004 0.0546414889395 0.0
2004 2004 0.0573735646904 0.0
2004 2004 0.0602422431111 0.0
2004 2004 0.0632543563843 0.0
2004 2004 0.066417068243 0.0
2004 2004 0.0697379261255 0.0
2004 2004 0.0732248201966 0.0
2004 2004 0.0768860653043 0.0
2004 2004 0.0807303637266 0.0
2004 2004 0.0847668796778 0.0
2004 2004 0.0890052244067 0.0
2004 2004 0.0934554859996 0.0
2004 2004 0.0981282666326 0.0
2004 2004 0.10000000149 263.26751709
2004 2004 0.104999996722 254.564468384
2004 2004 0.110250003636 246.266860962
2004 2004 0.115762501955 238.351135254
2004 2004 0.121550627053 231.061691284
2004 2004 0.127628162503 224.204879761
2004 2004 0.134009569883 217.743286133
2004 2004 0.140710040927 211.755630493
2004 2004 0.147745549679 206.300827026
2004 2004 0.155132815242 201.322235107
2004 2004 0.16288946569 196.86819458
2004 2004 0.171033933759 192.792449951
2004 2004 0.179585635662 189.239089966
2004 2004 0.188564911485 186.073379517
2004 2004 0.197993159294 183.431015015
2004 2004 0.207892820239 181.190002441
2004 2004 0.218287453055 179.323745728
2004 2004 0.229201838374 177.968856812
2004 2004 0.240661919117 176.946487427
2004 2004 0.252695024014 176.400848389
2004 2004 0.265329778194 176.168014526
2004 2004 0.278596252203 176.323165894
2004 2004 0.292526066303 176.868331909
2004 2004 0.30715239048 177.810791016
2004 2004 0.322510004044 179.003082275
2004 2004 0.338635504246 180.617904663
2004 2004 0.355567276478 182.511352539
2004 2004 0.373345643282 184.700149536
2004 2004 0.392012923956 187.291824341
2004 2004 0.411613553762 190.137664795
2004 2004 0.432194232941 193.257675171
2004 2004 0.453803956509 196.578262329
2004 2004 0.476494133472 200.315109253
2004 2004 0.500318825245 204.196792603
2004 2004 0.525334775448 208.231887817
2004 2004 0.551601529121 212.542419434
2004 2004 0.579181611538 217.035186768
2004 2004 0.608140707016 221.59928894
2004 2004 0.638547718525 226.359481812
2004 2004 0.670475125313 231.061691284
2004 2004 0.703998863697 235.963409424
2004 2004 0.739198803902 240.642974854
2004 2004 0.776158750057 245.361465454
2004 2004 0.814966678619 249.956253052
2004 2004 0.855715036392 254.402740479
2004 2004 0.898500800133 258.508666992
2004 2004 0.943425834179 262.404907227
2004 2004 0.990597128868 266.066375732
2004 2004 1.04012691975 269.468322754
2004 2004 1.09213328362 272.401306152
2004 2004 1.14673995972 274.831787109
2004 2004 1.20407700539 277.114135742
2004 2004 1.26428079605 278.850921631
2004 2004 1.3274948597 280.21685791
2004 2004 1.39386963844 281.200775146
2004 2004 1.4635630846 281.794433594
2004 2004 1.53674125671 282.191619873
2004 2004 1.61357831955 282.191619873
2004 2004 1.69425725937 282.191619873
2004 2004 1.77897012234 281.794433594
2004 2004 1.86791861057 281.398376465
2004 2004 1.96131455898 281.003448486
2004 2004 2.05938029289 280.609619141
2004 2004 2.16234922409 280.020904541
2004 2004 2.2704668045 279.629821777
2004 2004 2.38399004936 279.239837646
2004 2004 2.50318956375 278.850921631
2004 2004 2.62834906578 278.656860352
2004 2004 2.75976657867 278.656860352
2004 2004 2.89775490761 278.46307373
2004 2004 3.04264259338 278.656860352
2004 2004 3.19477462769 279.045227051
2004 2004 3.35451340675 279.434692383
2004 2004 3.5222389698 279.629821777
2004 2004 3.69835114479 280.020904541
2004 2004 3.88326859474 280.413116455
2004 2004 4.07743215561 280.609619141
2004 2004 4.28130340576 281.003448486
2004 2004 4.49536895752 281.200775146
2004 2004 4.72013711929 281.398376465
2004 2004 4.95614433289 281.794433594
2004 2004 5.2039513588 281.992889404
2004 2004 5.46414899826 282.191619873
2004 2004 5.73735618591 282.191619873
2004 2004 6.02422428131 282.390625
2004 2004 6.32543516159 282.589904785
2004 2004 6.64170694351 282.789489746
2004 2004 6.97379255295 282.989349365
2004 2004 7.32248210907 283.189483643
2004 2004 7.68860626221 283.389892578
2004 2004 8.07303619385 283.389892578
2004 2004 8.47668838501 283.590576172
2004 2004 8.90052318573 283.791564941
2004 2004 9.34554862976 283.992858887
2004 2004 9.81282615662 284.194396973
2004 2004 10.3034677505 284.396240234
2004 2004 10.8186407089 284.396240234
2004 2004 11.3595733643 284.598358154
2004 2004 11.9275512695 284.80078125
2004 2004 12.5239295959 285.003509521
2004 2004 13.1501255035 285.206481934
2004 2004 13.8076324463 285.409759521
2004 2004 14.4980134964 285.613342285
2004 2004 15.2229146957 285.817199707
2004 2004 15.9840602875 286.021362305
2004 2004 16.7832622528 286.225799561
2004 2004 17.6224269867 286.225799561
2004 2004 18.5035476685 286.021362305
2004 2004 19.4287242889 286.021362305
2004 2004 20.4001617432 286.021362305
2004 2004 21.4201698303 285.817199707
2004 2004 22.4911785126 285.817199707
2004 2004 23.6157360077 285.817199707
2004 2004 24.7965240479 285.817199707
2004 2004 26.0363502502 285.613342285
2004 2004 27.3381671906 285.613342285
2004 2004 28.7050762177 285.613342285
2004 2004 30.140329361 285.613342285
2004 2004 31.6473464966 285.613342285
2004 2004 33.2297134399 285.613342285
2004 2004 34.8911972046 285.613342285
2004 2004 36.6357574463 285.613342285
2004 2004 38.4675445557 285.613342285
2004 2004 40.3909225464 285.817199707
2004 2004 42.4104690552 285.817199707
2004 2004 44.5309944153 285.817199707
2004 2004 46.7575416565 285.817199707
2004 2004 49.0954208374 286.021362305
2004 2004 51.5501899719 286.021362305
2004 2004 54.1277008057 286.225799561
2004 2004 56.8340873718 286.225799561
2004 2004 59.6757888794 286.430541992
2004 2004 62.6595802307 286.430541992
2004 2004 65.7925567627 286.6355896
2004 2004 69.0821838379 286.840911865
2004 2004 72.5362930298 286.840911865
2004 2004 76.1631088257 287.046539307
2004 2004 79.9712677002 287.252441406
2004 2004 83.9698257446 287.458648682
2004 2004 88.1683197021 287.665161133
2004 2004 92.5767364502 287.665161133
2004 2004 97.2055740356 287.87197876
2004 2004 102.065849304 288.079071045
2004 2004 107.169143677 288.286468506
2004 2004 112.527603149 288.494171143
2004 2004 118.15398407 288.702178955
2004 2004 124.061683655 289.11907959
2004 2004 130.264770508 289.327972412
2004 2004 136.777999878 289.53717041
2004 2004 143.616897583 289.746673584
2004 2004 150.797744751 289.956481934
2004 2004 158.337631226 290.37701416
2004 2004 166.254516602 290.587738037
2004 2004 174.567245483 290.79876709
2004 2004 183.295608521 291.221740723
2004 2004 192.460388184 291.43371582
2004 2004 202.083404541 291.858551025
2004 2004 212.187576294 292.071411133
2004 2004 222.796951294 292.49810791
2004 2004 233.936798096 292.711914062
2004 2004 245.633636475 293.14050293
2004 2004 257.915313721 293.355255127
2004 2004 270.811096191 293.785705566
2004 2004 284.351654053 294.217407227
2004 2004 298.569244385 294.433746338
2004 2004 313.497680664 294.867401123
2004 2004 329.172576904 295.302307129
2004 2004 345.631195068 295.738494873
2004 2004 362.912750244 295.957061768
2004 2004 381.058410645 296.395202637
2004 2004 400.111328125 296.834625244
2004 2004 420.116882324 297.275360107
2004 2004 441.122741699 297.717407227
2004 2004 463.178863525 298.160766602
2004 2004 486.337799072 298.605438232
2004 2004 510.654693604 299.051452637
2004 2004 536.187438965 299.498809814
2004 2004 562.996826172 299.947509766
2004 2004 591.14666748 300.397521973
2004 2004 620.703979492 300.848907471
2004 2004 651.739196777 301.30166626
2004 2004 684.326171875 301.755767822
2004 2004 718.542480469 302.211242676
2004 2004 754.469543457 302.668121338
2004 2004 792.193054199 303.355987549
2004 2004 831.802734375 303.816314697
2004 2004 873.392822266 304.278045654
2004 2004 917.0625 304.74118042
2004 2004 962.915588379 305.205718994
2004 2004 1011.06140137 305.905212402
2004 2004 1061.61450195 306.373321533
2004 2004 1114.69519043 306.842834473
2004 2004 1170.42993164 307.313812256
2004 2004 1228.95141602 308.023010254
2004 2004 1290.39904785 308.497619629
2004 2004 1354.91894531 308.973693848
2004 2004 1422.66491699 309.690582275
2004 2004 1493.7980957 310.170349121
2004 2004 1568.48803711 310.651611328
2004 2004 1646.91247559 311.376281738
2004 2004 1729.25805664 311.861297607
2004 2004 1815.72094727 312.591644287
2004 2004 1906.50708008 313.080474854
2004 2004 2001.83239746 313.570800781
2004 2004 2101.92407227 314.309204102
2004 2004 2207.02026367 314.803375244
2004 2004 2317.37133789 315.547607422
2004 2004 2433.23974609 316.045715332
2004 2004 2554.90185547 316.795806885
2004 2004 2682.64697266 317.29788208
2004 2004 2816.77929688 318.053955078
2004 2004 2957.61816406 318.559997559
2004 2004 3105.49902344 319.322113037
2004 2004 3260.77392578 319.832183838
2004 2004 3423.81274414 320.600402832
2004 2004 3595.00341797 321.114593506
2004 2004 3774.75341797 321.889007568
2004 2004 3963.49121094 322.407348633
2004 2004 4161.66552734 323.187988281
2004 2004 4369.74902344 323.710510254
2004 2004 4588.23632812 324.497497559
2004 2004 4817.6484375 325.288299561
2004 2004 5058.53076172 325.817657471
2004 2004 5311.45751953 326.614929199
2004 2004 5577.03027344 327.148620605
2004 2004 5855.88183594 327.952423096
2004 2004 6148.67578125 328.490478516
2004 2004 6456.109375 329.30090332
2004 2004 6778.91503906 330.115356445
2004 2004 7117.86083984 330.660552979
2004 2004 7473.75390625 331.481719971
2004 2004 7847.44140625 332.031433105
2004 2004 8239.81347656 332.859436035
2004 2004 8651.8046875 333.691589355
2004 2004 9084.39453125 334.248687744
2004 2004 9538.61425781 335.087799072
2004 2004 10015.5449219 335.649536133
2004 2004 10516.3222656 336.495727539
2004 2004 11042.1386719 337.062225342
2004 2004 11594.2451172 337.915527344
2004 2004 12173.9570312 338.773193359
2004 2004 12782.6552734 339.347381592
2004 2004 13421.7880859 340.212341309
2004 2004 14092.8769531 340.791412354
2004 2004 14797.5214844 341.663757324
2004 2004 15537.3974609 342.540557861
2004 2004 16314.2675781 343.127593994
2004 2004 17129.9804688 344.011962891
2004 2004 17986.4804688 344.604064941
2004 2004 18885.8027344 345.496032715
2004 2004 19830.09375 346.392669678
2004 2004 20821.5976562 346.992980957
2004 2004 21862.6777344 347.897399902
2004 2004 22955.8125 348.502960205
2004 2004 24103.6035156 349.415283203
2004 2004 25308.7832031 350.026153564
2004 2004 26574.2226562 350.946472168
2004 2004 27902.9335938 351.562683105
2004 2004 29298.0800781 352.491119385
2004 2004 30762.984375 353.424468994
2004 2004 32301.1328125 354.049438477
2004 2004 33916.1914062 354.99105835
2004 2004 35612.0 355.621582031
2004 2004 37392.5976562 356.571594238
2004 2004 39262.2304688 357.207763672
2004 2004 41225.3398438 358.166290283
2004 2004 43286.609375 358.808166504
2004 2004 45450.9375 359.775299072
2004 2004 47723.484375 360.422973633
2004 2004 50109.6601562 361.398834229
2004 2004 52615.140625 362.052368164
2004 2004 55245.8984375 363.037078857
2004 2004 58008.1953125 363.696563721
2004 2004 60908.6054688 364.6902771
2004 2004 63954.0351562 365.355743408
2004 2004 67151.734375 366.358551025
2004 2004 70509.3203125 367.030151367
2004 2004 74034.7890625 368.042205811
2004 2004 77736.53125 368.720001221
2004 2004 81623.3515625 369.400299072
2004 2004 85704.5234375 370.425445557
2004 2004 89989.75 371.112060547
2004 2004 94489.234375 372.146759033
2004 2004 99213.6953125 372.839782715
2004 2004 104174.382812 373.884124756
2004 2004 109383.101562 374.583648682
2004 2004 114852.257812 375.285766602
2004 2004 120594.867188 376.343902588
2004 2004 126624.617188 377.052642822
2004 2004 132955.84375 378.120788574
2004 2004 139603.640625 378.836242676
2004 2004 146583.8125 379.554412842
2004 2004 153913.015625 380.636810303
2004 2004 161608.65625 381.361816406
2004 2004 169689.09375 382.089599609
2004 2004 178173.546875 383.186523438
2004 2004 187082.21875 383.921295166
2004 2004 196436.328125 384.658905029
2004 2004 206258.15625 385.770629883
2004 2004 216571.0625 386.515350342
2004 2004 227399.609375 387.262969971
2004 2004 238769.59375 388.01348877
2004 2004 250708.078125 389.144714355
2004 2004 263243.46875 389.902557373
2004 2004 276405.65625 390.663330078
2004 2004 290225.9375 391.810089111
2004 2004 304737.21875 392.578338623
2004 2004 319974.09375 393.349609375
2004 2004 335972.78125 394.123931885
2004 2004 352771.4375 394.901306152
2004 2004 370410.0 396.073120117
2004 2004 388930.5 396.858184814
2004 2004 408377.03125 397.646392822
2004 2004 428795.875 398.437713623
2004 2004 450235.6875 399.232208252
2004 2004 472747.46875 400.429901123
2004 2004 496384.84375 401.151977539
2004 2004 521204.09375 401.997711182
2004 2004 547264.3125 402.887512207
2004 2004 574627.5 403.740570068
2004 2004 603358.875 404.597259521
2004 2004 633526.8125 405.498657227
2004 2004 665203.125 406.362823486
2004 2004 698463.3125 407.230651855
2004 2004 733386.5 408.102233887
2004 2004 770055.8125 408.977539062
2004 2004 808558.5625 409.814666748
2004 2004 848986.5 410.697357178
2004 2004 891435.875 411.583831787
2004 2004 936007.625 412.431671143
2004 2004 982808.0 413.325683594
2004 2004 1031948.4375 414.180725098
